int x[20][100] = 
{
    //Data Kangguru 1,,
    {
        0,0,0,0,0,0,0,0,0,0,
        0,0,0,0,0,0,0,0,1,0,
        0,0,0,0,0,0,0,1,1,0,
        0,0,0,0,0,0,1,1,1,1,
        0,0,0,0,0,1,1,1,1,0,
        0,0,0,0,0,1,1,1,0,0,
        0,0,0,0,1,1,1,1,0,0,
        0,0,1,1,0,0,0,1,1,0,
        0,0,1,1,0,0,0,1,1,0,
        0,0,1,1,0,0,0,1,1,0,

    },

    // Data Kangguru 2
    {
        0,0,0,0,0,0,0,0,0,0,
        0,0,0,0,0,0,0,0,0,0,
        0,0,0,0,0,0,0,0,0,1,
        0,0,0,0,1,1,1,1,1,0,
        0,0,0,0,0,1,1,1,0,0,
        0,0,0,0,0,1,0,0,0,0,
        0,0,0,0,0,0,0,0,0,0,
        0,0,0,0,0,0,0,0,0,0,
        0,0,0,0,0,0,0,0,0,0,
        0,0,0,0,0,0,0,0,0,0,


  
    },
    // Data Kangguru 3
    {
        0,0,0,0,0,0,0,0,0,0,
        0,0,0,0,1,0,0,1,0,0,
        0,0,1,1,1,1,1,0,0,0,
        0,1,1,1,1,1,1,0,0,0,
        0,1,0,1,1,0,0,0,0,0,
        0,1,0,1,0,0,0,0,0,0,
        0,1,0,0,0,0,0,0,0,0,
        0,0,0,0,0,0,0,0,0,0,
        0,0,0,0,0,0,0,0,0,0,
        0,0,0,0,0,0,0,0,0,0,

    },
    //Data Kangguru 4
    {
        0,0,0,0,0,0,0,0,1,0,
        0,0,0,0,0,0,0,0,1,1,
        0,0,0,0,0,0,0,0,1,1,
        0,0,0,0,0,0,1,1,1,0,
        0,0,0,0,0,1,1,1,1,0,
        0,0,0,0,0,1,1,1,1,0,
        0,0,0,0,0,1,1,1,0,0,
        0,0,0,0,0,1,1,0,0,0,
        0,0,0,0,1,0,0,1,0,0,
        0,0,0,0,0,0,0,1,1,0,

    },
    // Data Kangguru 5
    {
        0,0,0,0,0,0,0,0,0,0,
        0,0,0,0,0,0,0,1,0,0,
        0,0,0,0,0,1,1,1,0,0,
        0,0,0,0,1,1,1,1,0,0,
        0,0,0,0,1,1,1,0,0,0,
        0,0,1,1,0,1,1,0,0,0,
        0,0,0,0,0,0,0,0,0,0,
        0,0,0,0,0,0,0,0,0,0,
        0,0,0,0,0,0,0,0,0,0,
        0,0,0,0,0,0,0,0,0,0,

    },
    // Data Kangguru 6
    {
        0,0,0,0,0,0,0,0,0,0,
        0,0,0,0,0,0,0,0,0,0,
        0,0,0,0,0,0,0,0,1,0,
        0,0,0,0,0,1,1,1,0,0,
        0,0,0,0,1,1,1,1,0,0,
        0,0,0,0,1,1,1,0,0,0,
        0,0,0,0,1,1,0,0,0,0,
        0,0,0,0,0,0,0,0,0,0,
        0,0,0,0,0,0,0,0,0,0,
        0,0,0,0,0,0,0,0,0,0,
  
    },
    // Data Kangguru 7
    {
        0,0,0,0,0,0,0,0,0,0,
        0,0,0,0,0,0,0,0,1,0,
        0,0,0,0,0,0,0,0,1,1,
        0,0,0,0,0,0,1,1,1,0,
        0,0,0,0,0,1,1,1,0,0,
        0,0,0,0,1,1,1,1,1,0,
        0,0,0,0,1,1,1,1,0,0,
        0,0,0,0,1,1,1,0,0,0,
        0,0,0,1,1,0,1,0,0,0,
        0,0,0,0,0,0,0,0,0,0,
  
    },
    // Data Kangguru 8
    {
        0,0,0,0,0,0,0,0,0,0,
        0,0,0,0,0,0,0,0,0,0,
        0,0,0,0,0,0,0,0,0,0,
        0,0,0,0,0,0,0,0,0,0,
        0,0,0,0,0,0,1,0,0,0,
        0,0,0,0,0,1,1,0,0,0,
        0,0,0,0,0,1,1,0,0,0,
        0,0,0,0,0,1,0,0,0,0,
        0,0,0,0,0,0,0,0,0,0,
        0,0,0,0,0,0,0,0,0,0,
       

    },
    // Data Kangguru 9
    {
        0,0,0,0,0,0,0,0,0,0,
        0,0,0,0,0,0,0,0,0,0,
        0,0,0,0,0,0,0,0,0,0,
        0,0,0,1,0,0,0,0,0,0,
        0,0,0,1,1,1,1,0,0,0,
        0,0,0,0,0,1,1,0,0,0,
        0,0,0,0,0,1,0,0,0,0,
        0,0,0,0,0,0,0,0,0,0,
        0,0,0,0,0,0,0,0,0,0,
        0,0,0,0,0,0,0,0,0,0,
     

    },
    // Data Kangguru 10,
    {
        0,0,0,0,0,1,1,0,0,0,
        0,0,0,1,1,1,1,1,1,1,
        0,0,0,0,0,1,1,1,1,0,
        0,0,0,0,0,0,1,0,0,0,
        0,0,0,0,0,0,1,0,0,0,
        0,0,0,0,0,0,0,1,0,0,
        0,0,0,0,0,0,0,1,0,0,
        0,0,0,0,0,0,0,1,0,0,
        0,0,0,0,0,0,0,1,0,0,
        0,0,0,0,0,0,0,1,0,0,

   
    },
    // Data unta 1,,,
    {
        0,0,0,0,0,0,0,0,0,0,
        1,1,1,0,0,1,1,1,0,0,
        0,1,1,0,1,1,1,1,1,0,
        0,0,1,1,1,1,1,1,1,0,
        0,0,1,1,1,1,1,1,1,0,
        0,0,0,1,1,1,1,1,1,0,
        0,0,0,1,0,1,0,0,0,0,
        0,0,0,0,0,0,0,0,0,0,
        0,0,0,0,0,0,0,0,0,0,
        0,0,0,0,0,1,0,0,0,0,
  
    },
    // Data unta 2
    {
        0,0,0,0,0,0,0,0,0,0,
        0,0,1,0,1,1,1,0,0,0,
        0,0,1,1,1,1,1,1,0,0,
        0,0,0,1,1,1,1,1,0,0,
        0,0,0,0,0,0,0,1,0,0,
        0,0,0,0,0,0,0,0,0,0,
        0,0,0,0,0,0,0,0,0,0,
        0,0,0,0,0,0,0,0,0,0,
        0,0,0,0,0,0,0,0,0,0,
        0,0,0,0,0,0,0,0,0,0
        

    
    },
    // Data unta 3
    {
        0,0,0,0,0,0,0,0,0,0,
        1,1,1,0,0,1,1,1,0,0,
        0,1,1,0,1,1,1,1,1,0,
        0,0,1,1,1,1,1,1,1,0,
        0,0,1,1,1,1,1,1,1,0,
        0,0,0,1,1,1,1,1,1,0,
        0,0,0,1,0,1,0,0,0,0,
        0,0,0,0,0,0,0,0,0,0,
        0,0,0,0,0,0,0,0,0,0,
        0,0,0,0,0,1,0,0,0,0,
   
    },
    // Data unta 4
    {
        0,0,0,0,0,0,0,0,0,
        0,0,0,0,0,0,0,0,0,
        0,0,0,0,0,0,0,0,0,
        0,0,1,1,0,0,1,0,0,
        0,1,1,1,1,0,1,0,0,
        0,1,1,1,1,1,0,0,0,
        0,1,0,0,1,0,0,0,0,
        0,0,0,0,0,0,0,0,0,
        0,0,0,0,0,0,0,0,0,
        0,0,0,0,0,0,0,0,0,
  
    },
    // Data unta 5
    {
        0,0,0,0,0,0,0,0,0,0,
        0,0,0,0,0,0,0,0,0,0,
        0,0,0,0,0,0,0,0,0,0,
        0,0,0,1,1,1,0,1,0,0,
        0,0,1,1,1,1,1,1,0,0,
        0,0,1,1,1,1,0,0,0,0,
        0,0,1,0,0,0,0,0,0,0,
        0,0,0,0,0,0,0,0,0,0,
        0,0,0,0,0,0,0,0,0,0,
        0,0,0,0,0,0,0,0,0,0,


    },
    // Data unta 6
    {
        0,0,0,0,0,0,0,0,0,0,
        0,0,0,0,0,0,0,0,0,0,
        0,0,1,1,1,0,0,1,1,0,
        0,1,1,1,1,1,1,1,0,0,
        0,1,1,1,1,1,1,0,0,0,
        0,1,0,0,1,0,0,0,0,0,
        0,1,0,0,0,0,0,0,0,0,
        0,1,0,0,0,0,0,0,0,0,
        0,0,0,0,0,0,0,0,0,0,
        0,0,0,0,0,0,0,0,0,0,

    },
    // Data unta 7
    {
        0,1,1,0,0,0,0,0,0,0,
        0,1,1,0,1,0,1,0,0,0,
        0,0,1,1,1,1,1,1,0,0,
        0,0,1,1,1,1,1,1,1,0,
        0,0,1,1,1,1,1,1,1,0,
        0,0,0,1,1,1,1,1,1,0,
        0,0,0,0,0,0,0,1,1,0,
        0,0,0,0,0,0,0,1,0,0,
        0,0,0,0,0,0,0,0,1,0,
        0,0,0,0,0,0,0,0,1,0,

    },
    // Data unta 8
    {
        0,0,0,0,0,0,0,0,0,0,
        0,0,0,0,0,0,0,0,0,0,
        0,0,0,1,1,0,0,0,0,0,
        0,0,1,1,1,1,1,0,0,0,
        0,0,1,0,0,0,0,0,0,0,
        0,0,0,0,0,0,0,0,0,0,
        0,0,0,0,0,0,0,0,0,0,
        0,0,0,0,0,0,0,0,0,0,
        0,0,0,0,0,0,0,0,0,0,
        0,0,0,0,0,0,0,0,0,0,

    },
    // Data unta 9
    {
        0,0,1,0,0,0,0,0,0,0,
        0,0,1,0,0,1,1,0,0,0,
        0,0,0,1,1,1,1,1,0,0,
        0,0,0,1,1,1,1,1,0,0,
        0,0,0,0,1,0,1,1,0,0,
        0,0,0,0,1,0,0,0,0,0,
        0,0,0,0,0,0,0,0,0,0,
        0,0,0,0,0,0,0,0,0,0,
        0,0,0,0,0,0,0,0,0,0,
        0,0,0,0,0,0,0,0,0,0,

    
    },
    // Data unta 1,,
    {
        0,0,0,0,0,0,0,0,0,0,
        0,0,0,0,0,0,0,0,0,0,
        0,0,0,0,0,1,1,1,0,0,
        0,0,1,0,1,1,1,1,1,0,
        0,0,0,1,1,1,1,1,1,0,
        0,0,0,0,0,0,0,0,1,0,
        0,0,0,0,0,0,0,0,1,0,
        0,0,0,0,0,0,0,0,0,0,
        0,0,0,0,0,0,0,0,0,0,
        0,0,0,0,0,0,0,0,0,0,

    },
};
